0,1,M,0
1,2,M,1
2,3,M,2
3,4,M,3
4,5,M,4
5,6,M,5
6,7,M,6
7,8,M,7
8,9,M,8
9,10,M,9
10,11,M,10
11,12,M,11
12,13,M,12
13,14,M,13
14,15,M,14
15,16,M,15
16,17,M,16
17,18,M,17
18,19,M,18
19,0,M,19
20,21,M,20
21,22,M,21
22,23,M,22
23,24,M,23
24,25,M,24
25,26,M,25
26,27,M,26
27,28,M,27
28,29,M,28
29,30,M,29
30,31,M,30
31,32,M,31
32,33,M,32
33,34,M,33
34,35,M,34
35,36,M,35
36,37,M,36
37,38,M,37
38,39,M,38
39,20,M,39
40,41,M,40
41,42,M,41
42,43,M,42
43,44,M,43
44,45,M,44
45,46,M,45
46,47,M,46
47,48,M,47
48,49,M,48
49,50,M,49
50,51,M,50
51,52,M,51
52,53,M,52
53,54,M,53
54,55,M,54
55,56,M,55
56,57,M,56
57,58,M,57
58,59,M,58
59,40,M,59
60,61,M,60
61,62,M,61
62,63,M,62
63,64,M,63
64,65,M,64
65,66,M,65
66,67,M,66
67,68,M,67
68,69,M,68
69,70,M,69
70,71,M,70
71,72,M,71
72,73,M,72
73,74,M,73
74,75,M,74
75,76,M,75
76,77,M,76
77,78,M,77
78,79,M,78
79,60,M,79
80,81,M,80
81,82,M,81
82,83,M,82
83,84,M,83
84,85,M,84
85,86,M,85
86,87,M,86
87,88,M,87
88,89,M,88
89,90,M,89
90,91,M,90
91,92,M,91
92,93,M,92
93,94,M,93
94,95,M,94
95,96,M,95
96,97,M,96
97,98,M,97
98,99,M,98
99,80,M,99
100,101,M,100
101,102,M,101
102,103,M,102
103,104,M,103
104,105,M,104
105,106,M,105
106,107,M,106
107,108,M,107
108,109,M,108
109,110,M,109
110,111,M,110
111,112,M,111
112,113,M,112
113,114,M,113
114,115,M,114
115,116,M,115
116,117,M,116
117,118,M,117
118,119,M,118
119,100,M,119
120,121,M,120
121,122,M,121
122,123,M,122
123,124,M,123
124,125,M,124
125,126,M,125
126,127,M,126
127,128,M,127
128,129,M,128
129,130,M,129
130,131,M,130
131,132,M,131
132,133,M,132
133,134,M,133
134,135,M,134
135,136,M,135
136,137,M,136
137,138,M,137
138,139,M,138
139,120,M,139
140,141,M,140
141,142,M,141
142,143,M,142
143,144,M,143
144,145,M,144
145,146,M,145
146,147,M,146
147,148,M,147
148,149,M,148
149,150,M,149
150,151,M,150
151,152,M,151
152,153,M,152
153,154,M,153
154,155,M,154
155,156,M,155
156,157,M,156
157,158,M,157
158,159,M,158
159,140,M,159
160,161,M,160
161,162,M,161
162,163,M,162
163,164,M,163
164,165,M,164
165,166,M,165
166,167,M,166
167,168,M,167
168,169,M,168
169,170,M,169
170,171,M,170
171,172,M,171
172,173,M,172
173,174,M,173
174,175,M,174
175,176,M,175
176,177,M,176
177,178,M,177
178,179,M,178
179,160,M,179
180,181,M,180
181,182,M,181
182,183,M,182
183,184,M,183
184,185,M,184
185,186,M,185
186,187,M,186
187,188,M,187
188,189,M,188
189,190,M,189
190,191,M,190
191,192,M,191
192,193,M,192
193,194,M,193
194,195,M,194
195,196,M,195
196,197,M,196
197,198,M,197
198,199,M,198
199,180,M,199
200,201,M,200
201,202,M,201
202,203,M,202
203,204,M,203
204,205,M,204
205,206,M,205
206,207,M,206
207,208,M,207
208,209,M,208
209,210,M,209
210,211,M,210
211,212,M,211
212,213,M,212
213,214,M,213
214,215,M,214
215,216,M,215
216,217,M,216
217,218,M,217
218,219,M,218
219,200,M,219
220,221,M,220
221,222,M,221
222,223,M,222
223,224,M,223
224,225,M,224
225,226,M,225
226,227,M,226
227,228,M,227
228,229,M,228
229,230,M,229
230,231,M,230
231,232,M,231
232,233,M,232
233,234,M,233
234,235,M,234
235,236,M,235
236,237,M,236
237,238,M,237
238,239,M,238
239,220,M,239
240,241,M,240
241,242,M,241
242,243,M,242
243,244,M,243
244,245,M,244
245,246,M,245
246,247,M,246
247,248,M,247
248,249,M,248
249,250,M,249
250,251,M,250
251,252,M,251
252,253,M,252
253,254,M,253
254,255,M,254
255,256,M,255
256,257,M,256
257,258,M,257
258,259,M,258
259,240,M,259
260,261,M,260
261,262,M,261
262,263,M,262
263,264,M,263
264,265,M,264
265,266,M,265
266,267,M,266
267,268,M,267
268,269,M,268
269,270,M,269
270,271,M,270
271,272,M,271
272,273,M,272
273,274,M,273
274,275,M,274
275,276,M,275
276,277,M,276
277,278,M,277
278,279,M,278
279,260,M,279
280,281,M,280
281,282,M,281
282,283,M,282
283,284,M,283
284,285,M,284
285,286,M,285
286,287,M,286
287,288,M,287
288,289,M,288
289,290,M,289
290,291,M,290
291,292,M,291
292,293,M,292
293,294,M,293
294,295,M,294
295,296,M,295
296,297,M,296
297,298,M,297
298,299,M,298
299,280,M,299
300,301,M,300
301,302,M,301
302,303,M,302
303,304,M,303
304,305,M,304
305,306,M,305
306,307,M,306
307,308,M,307
308,309,M,308
309,310,M,309
310,311,M,310
311,312,M,311
312,313,M,312
313,314,M,313
314,315,M,314
315,316,M,315
316,317,M,316
317,318,M,317
318,319,M,318
319,300,M,319
320,321,M,320
321,322,M,321
322,323,M,322
323,324,M,323
324,325,M,324
325,326,M,325
326,327,M,326
327,328,M,327
328,329,M,328
329,330,M,329
330,331,M,330
331,332,M,331
332,333,M,332
333,334,M,333
334,335,M,334
335,336,M,335
336,337,M,336
337,338,M,337
338,339,M,338
339,320,M,339
340,341,M,340
341,342,M,341
342,343,M,342
343,344,M,343
344,345,M,344
345,346,M,345
346,347,M,346
347,348,M,347
348,349,M,348
349,350,M,349
350,351,M,350
351,352,M,351
352,353,M,352
353,354,M,353
354,355,M,354
355,356,M,355
356,357,M,356
357,358,M,357
358,359,M,358
359,340,M,359
360,361,M,360
361,362,M,361
362,363,M,362
363,364,M,363
364,365,M,364
365,366,M,365
366,367,M,366
367,368,M,367
368,369,M,368
369,370,M,369
370,371,M,370
371,372,M,371
372,373,M,372
373,374,M,373
374,375,M,374
375,376,M,375
376,377,M,376
377,378,M,377
378,379,M,378
379,360,M,379
380,381,M,380
381,382,M,381
382,383,M,382
383,384,M,383
384,385,M,384
385,386,M,385
386,387,M,386
387,388,M,387
388,389,M,388
389,390,M,389
390,391,M,390
391,392,M,391
392,393,M,392
393,394,M,393
394,395,M,394
395,396,M,395
396,397,M,396
397,398,M,397
398,399,M,398
399,380,M,399
400,401,M,400
401,402,M,401
402,403,M,402
403,404,M,403
404,405,M,404
405,406,M,405
406,407,M,406
407,408,M,407
408,409,M,408
409,410,M,409
410,411,M,410
411,412,M,411
412,413,M,412
413,414,M,413
414,415,M,414
415,416,M,415
416,417,M,416
417,418,M,417
418,419,M,418
419,400,M,419
420,421,M,420
421,422,M,421
422,423,M,422
423,424,M,423
424,425,M,424
425,426,M,425
426,427,M,426
427,428,M,427
428,429,M,428
429,430,M,429
430,431,M,430
431,432,M,431
432,433,M,432
433,434,M,433
434,435,M,434
435,436,M,435
436,437,M,436
437,438,M,437
438,439,M,438
439,420,M,439
440,441,M,440
441,442,M,441
442,443,M,442
443,444,M,443
444,445,M,444
445,446,M,445
446,447,M,446
447,448,M,447
448,449,M,448
449,450,M,449
450,451,M,450
451,452,M,451
452,453,M,452
453,454,M,453
454,455,M,454
455,456,M,455
456,457,M,456
457,458,M,457
458,459,M,458
459,440,M,459
460,461,M,460
461,462,M,461
462,463,M,462
463,464,M,463
464,465,M,464
465,466,M,465
466,467,M,466
467,468,M,467
468,469,M,468
469,470,M,469
470,471,M,470
471,472,M,471
472,473,M,472
473,474,M,473
474,475,M,474
475,476,M,475
476,477,M,476
477,478,M,477
478,479,M,478
479,460,M,479
480,481,M,480
481,482,M,481
482,483,M,482
483,484,M,483
484,485,M,484
485,486,M,485
486,487,M,486
487,488,M,487
488,489,M,488
489,490,M,489
490,491,M,490
491,492,M,491
492,493,M,492
493,494,M,493
494,495,M,494
495,496,M,495
496,497,M,496
497,498,M,497
498,499,M,498
499,480,M,499
500,501,M,500
501,502,M,501
502,503,M,502
503,504,M,503
504,505,M,504
505,506,M,505
506,507,M,506
507,508,M,507
508,509,M,508
509,510,M,509
510,511,M,510
511,512,M,511
512,513,M,512
513,514,M,513
514,515,M,514
515,516,M,515
516,517,M,516
517,518,M,517
518,519,M,518
519,500,M,519
520,521,M,520
521,522,M,521
522,523,M,522
523,524,M,523
524,525,M,524
525,526,M,525
526,527,M,526
527,528,M,527
528,529,M,528
529,530,M,529
530,531,M,530
531,532,M,531
532,533,M,532
533,534,M,533
534,535,M,534
535,536,M,535
536,537,M,536
537,538,M,537
538,539,M,538
539,520,M,539
540,541,M,540
541,542,M,541
542,543,M,542
543,544,M,543
544,545,M,544
545,546,M,545
546,547,M,546
547,548,M,547
548,549,M,548
549,550,M,549
550,551,M,550
551,552,M,551
552,553,M,552
553,554,M,553
554,555,M,554
555,556,M,555
556,557,M,556
557,558,M,557
558,559,M,558
559,540,M,559
560,561,M,560
561,562,M,561
562,563,M,562
563,564,M,563
564,565,M,564
565,566,M,565
566,567,M,566
567,568,M,567
568,569,M,568
569,570,M,569
570,571,M,570
571,572,M,571
572,573,M,572
573,574,M,573
574,575,M,574
575,576,M,575
576,577,M,576
577,578,M,577
578,579,M,578
579,560,M,579
580,581,M,580
581,582,M,581
582,583,M,582
583,584,M,583
584,585,M,584
585,586,M,585
586,587,M,586
587,588,M,587
588,589,M,588
589,590,M,589
590,591,M,590
591,592,M,591
592,593,M,592
593,594,M,593
594,595,M,594
595,596,M,595
596,597,M,596
597,598,M,597
598,599,M,598
599,580,M,599
600,601,M,600
601,602,M,601
602,603,M,602
603,604,M,603
604,605,M,604
605,606,M,605
606,607,M,606
607,608,M,607
608,609,M,608
609,610,M,609
610,611,M,610
611,612,M,611
612,613,M,612
613,614,M,613
614,615,M,614
615,616,M,615
616,617,M,616
617,618,M,617
618,619,M,618
619,600,M,619
620,621,M,620
621,622,M,621
622,623,M,622
623,624,M,623
624,625,M,624
625,626,M,625
626,627,M,626
627,628,M,627
628,629,M,628
629,630,M,629
630,631,M,630
631,632,M,631
632,633,M,632
633,634,M,633
634,635,M,634
635,636,M,635
636,637,M,636
637,638,M,637
638,639,M,638
639,620,M,639
640,641,M,640
641,642,M,641
642,643,M,642
643,644,M,643
644,645,M,644
645,646,M,645
646,647,M,646
647,648,M,647
648,649,M,648
649,650,M,649
650,651,M,650
651,652,M,651
652,653,M,652
653,654,M,653
654,655,M,654
655,656,M,655
656,657,M,656
657,658,M,657
658,659,M,658
659,640,M,659
660,661,M,660
661,662,M,661
662,663,M,662
663,664,M,663
664,665,M,664
665,666,M,665
666,667,M,666
667,668,M,667
668,669,M,668
669,670,M,669
670,671,M,670
671,672,M,671
672,673,M,672
673,674,M,673
674,675,M,674
675,676,M,675
676,677,M,676
677,678,M,677
678,679,M,678
679,660,M,679
680,681,M,680
681,682,M,681
682,683,M,682
683,684,M,683
684,685,M,684
685,686,M,685
686,687,M,686
687,688,M,687
688,689,M,688
689,690,M,689
690,691,M,690
691,692,M,691
692,693,M,692
693,694,M,693
694,695,M,694
695,696,M,695
696,697,M,696
697,698,M,697
698,699,M,698
699,680,M,699
700,701,M,700
701,702,M,701
702,703,M,702
703,704,M,703
704,705,M,704
705,706,M,705
706,707,M,706
707,708,M,707
708,709,M,708
709,710,M,709
710,711,M,710
711,712,M,711
712,713,M,712
713,714,M,713
714,715,M,714
715,716,M,715
716,717,M,716
717,718,M,717
718,719,M,718
719,700,M,719
720,721,M,720
721,722,M,721
722,723,M,722
723,724,M,723
724,725,M,724
725,726,M,725
726,727,M,726
727,728,M,727
728,729,M,728
729,730,M,729
730,731,M,730
731,732,M,731
732,733,M,732
733,734,M,733
734,735,M,734
735,736,M,735
736,737,M,736
737,738,M,737
738,739,M,738
739,720,M,739
740,741,M,740
741,742,M,741
742,743,M,742
743,744,M,743
744,745,M,744
745,746,M,745
746,747,M,746
747,748,M,747
748,749,M,748
749,750,M,749
750,751,M,750
751,752,M,751
752,753,M,752
753,754,M,753
754,755,M,754
755,756,M,755
756,757,M,756
757,758,M,757
758,759,M,758
759,740,M,759
760,761,M,760
761,762,M,761
762,763,M,762
763,764,M,763
764,765,M,764
765,766,M,765
766,767,M,766
767,768,M,767
768,769,M,768
769,770,M,769
770,771,M,770
771,772,M,771
772,773,M,772
773,774,M,773
774,775,M,774
775,776,M,775
776,777,M,776
777,778,M,777
778,779,M,778
779,760,M,779
780,781,M,780
781,782,M,781
782,783,M,782
783,784,M,783
784,785,M,784
785,786,M,785
786,787,M,786
787,788,M,787
788,789,M,788
789,790,M,789
790,791,M,790
791,792,M,791
792,793,M,792
793,794,M,793
794,795,M,794
795,796,M,795
796,797,M,796
797,798,M,797
798,799,M,798
799,780,M,799
800,801,M,800
801,802,M,801
802,803,M,802
803,804,M,803
804,805,M,804
805,806,M,805
806,807,M,806
807,808,M,807
808,809,M,808
809,810,M,809
810,811,M,810
811,812,M,811
812,813,M,812
813,814,M,813
814,815,M,814
815,816,M,815
816,817,M,816
817,818,M,817
818,819,M,818
819,800,M,819
820,821,M,820
821,822,M,821
822,823,M,822
823,824,M,823
824,825,M,824
825,826,M,825
826,827,M,826
827,828,M,827
828,829,M,828
829,830,M,829
830,831,M,830
831,832,M,831
832,833,M,832
833,834,M,833
834,835,M,834
835,836,M,835
836,837,M,836
837,838,M,837
838,839,M,838
839,820,M,839
840,841,M,840
841,842,M,841
842,843,M,842
843,844,M,843
844,845,M,844
845,846,M,845
846,847,M,846
847,848,M,847
848,849,M,848
849,850,M,849
850,851,M,850
851,852,M,851
852,853,M,852
853,854,M,853
854,855,M,854
855,856,M,855
856,857,M,856
857,858,M,857
858,859,M,858
859,840,M,859
860,861,M,860
861,862,M,861
862,863,M,862
863,864,M,863
864,865,M,864
865,866,M,865
866,867,M,866
867,868,M,867
868,869,M,868
869,870,M,869
870,871,M,870
871,872,M,871
872,873,M,872
873,874,M,873
874,875,M,874
875,876,M,875
876,877,M,876
877,878,M,877
878,879,M,878
879,860,M,879
880,881,M,880
881,882,M,881
882,883,M,882
883,884,M,883
884,885,M,884
885,886,M,885
886,887,M,886
887,888,M,887
888,889,M,888
889,890,M,889
890,891,M,890
891,892,M,891
892,893,M,892
893,894,M,893
894,895,M,894
895,896,M,895
896,897,M,896
897,898,M,897
898,899,M,898
899,880,M,899
900,901,M,900
901,902,M,901
902,903,M,902
903,904,M,903
904,905,M,904
905,906,M,905
906,907,M,906
907,908,M,907
908,909,M,908
909,910,M,909
910,911,M,910
911,912,M,911
912,913,M,912
913,914,M,913
914,915,M,914
915,916,M,915
916,917,M,916
917,918,M,917
918,919,M,918
919,900,M,919
920,921,M,920
921,922,M,921
922,923,M,922
923,924,M,923
924,925,M,924
925,926,M,925
926,927,M,926
927,928,M,927
928,929,M,928
929,930,M,929
930,931,M,930
931,932,M,931
932,933,M,932
933,934,M,933
934,935,M,934
935,936,M,935
936,937,M,936
937,938,M,937
938,939,M,938
939,920,M,939
940,941,M,940
941,942,M,941
942,943,M,942
943,944,M,943
944,945,M,944
945,946,M,945
946,947,M,946
947,948,M,947
948,949,M,948
949,950,M,949
950,951,M,950
951,952,M,951
952,953,M,952
953,954,M,953
954,955,M,954
955,956,M,955
956,957,M,956
957,958,M,957
958,959,M,958
959,940,M,959
960,961,M,960
961,962,M,961
962,963,M,962
963,964,M,963
964,965,M,964
965,966,M,965
966,967,M,966
967,968,M,967
968,969,M,968
969,970,M,969
970,971,M,970
971,972,M,971
972,973,M,972
973,974,M,973
974,975,M,974
975,976,M,975
976,977,M,976
977,978,M,977
978,979,M,978
979,960,M,979
980,981,M,980
981,982,M,981
982,983,M,982
983,984,M,983
984,985,M,984
985,986,M,985
986,987,M,986
987,988,M,987
988,989,M,988
989,990,M,989
990,991,M,990
991,992,M,991
992,993,M,992
993,994,M,993
994,995,M,994
995,996,M,995
996,997,M,996
997,998,M,997
998,999,M,998
999,980,M,999
1000,1001,M,1000
1001,1002,M,1001
1002,1003,M,1002
1003,1004,M,1003
1004,1005,M,1004
1005,1006,M,1005
1006,1007,M,1006
1007,1008,M,1007
1008,1009,M,1008
1009,1010,M,1009
1010,1011,M,1010
1011,1012,M,1011
1012,1013,M,1012
1013,1014,M,1013
1014,1015,M,1014
1015,1016,M,1015
1016,1017,M,1016
1017,1018,M,1017
1018,1019,M,1018
1019,1000,M,1019
1020,1021,M,1020
1021,1022,M,1021
1022,1023,M,1022
1023,1024,M,1023
1024,1025,M,1024
1025,1026,M,1025
1026,1027,M,1026
1027,1028,M,1027
1028,1029,M,1028
1029,1030,M,1029
1030,1031,M,1030
1031,1032,M,1031
1032,1033,M,1032
1033,1034,M,1033
1034,1035,M,1034
1035,1036,M,1035
1036,1037,M,1036
1037,1038,M,1037
1038,1039,M,1038
1039,1020,M,1039
1040,1041,M,1040
1041,1042,M,1041
1042,1043,M,1042
1043,1044,M,1043
1044,1045,M,1044
1045,1046,M,1045
1046,1047,M,1046
1047,1048,M,1047
1048,1049,M,1048
1049,1050,M,1049
1050,1051,M,1050
1051,1052,M,1051
1052,1053,M,1052
1053,1054,M,1053
1054,1055,M,1054
1055,1056,M,1055
1056,1057,M,1056
1057,1058,M,1057
1058,1059,M,1058
1059,1040,M,1059
1060,1061,M,1060
1061,1062,M,1061
1062,1063,M,1062
1063,1064,M,1063
1064,1065,M,1064
1065,1066,M,1065
1066,1067,M,1066
1067,1068,M,1067
1068,1069,M,1068
1069,1070,M,1069
1070,1071,M,1070
1071,1072,M,1071
1072,1073,M,1072
1073,1074,M,1073
1074,1075,M,1074
1075,1076,M,1075
1076,1077,M,1076
1077,1078,M,1077
1078,1079,M,1078
1079,1060,M,1079
1080,1081,M,1080
1081,1082,M,1081
1082,1083,M,1082
1083,1084,M,1083
1084,1085,M,1084
1085,1086,M,1085
1086,1087,M,1086
1087,1088,M,1087
1088,1089,M,1088
1089,1090,M,1089
1090,1091,M,1090
1091,1092,M,1091
1092,1093,M,1092
1093,1094,M,1093
1094,1095,M,1094
1095,1096,M,1095
1096,1097,M,1096
1097,1098,M,1097
1098,1099,M,1098
1099,1080,M,1099
1100,1101,M,1100
1101,1102,M,1101
1102,1103,M,1102
1103,1104,M,1103
1104,1105,M,1104
1105,1106,M,1105
1106,1107,M,1106
1107,1108,M,1107
1108,1109,M,1108
1109,1110,M,1109
1110,1111,M,1110
1111,1112,M,1111
1112,1113,M,1112
1113,1114,M,1113
1114,1115,M,1114
1115,1116,M,1115
1116,1117,M,1116
1117,1118,M,1117
1118,1119,M,1118
1119,1100,M,1119
1120,1121,M,1120
1121,1122,M,1121
1122,1123,M,1122
1123,1124,M,1123
1124,1125,M,1124
1125,1126,M,1125
1126,1127,M,1126
1127,1128,M,1127
1128,1129,M,1128
1129,1130,M,1129
1130,1131,M,1130
1131,1132,M,1131
1132,1133,M,1132
1133,1134,M,1133
1134,1135,M,1134
1135,1136,M,1135
1136,1137,M,1136
1137,1138,M,1137
1138,1139,M,1138
1139,1120,M,1139
1140,1141,M,1140
1141,1142,M,1141
1142,1143,M,1142
1143,1144,M,1143
1144,1145,M,1144
1145,1146,M,1145
1146,1147,M,1146
1147,1148,M,1147
1148,1149,M,1148
1149,1150,M,1149
1150,1151,M,1150
1151,1152,M,1151
1152,1153,M,1152
1153,1154,M,1153
1154,1155,M,1154
1155,1156,M,1155
1156,1157,M,1156
1157,1158,M,1157
1158,1159,M,1158
1159,1140,M,1159
1160,1161,M,1160
1161,1162,M,1161
1162,1163,M,1162
1163,1164,M,1163
1164,1165,M,1164
1165,1166,M,1165
1166,1167,M,1166
1167,1168,M,1167
1168,1169,M,1168
1169,1170,M,1169
1170,1171,M,1170
1171,1172,M,1171
1172,1173,M,1172
1173,1174,M,1173
1174,1175,M,1174
1175,1176,M,1175
1176,1177,M,1176
1177,1178,M,1177
1178,1179,M,1178
1179,1160,M,1179
1180,1181,M,1180
1181,1182,M,1181
1182,1183,M,1182
1183,1184,M,1183
1184,1185,M,1184
1185,1186,M,1185
1186,1187,M,1186
1187,1188,M,1187
1188,1189,M,1188
1189,1190,M,1189
1190,1191,M,1190
1191,1192,M,1191
1192,1193,M,1192
1193,1194,M,1193
1194,1195,M,1194
1195,1196,M,1195
1196,1197,M,1196
1197,1198,M,1197
1198,1199,M,1198
1199,1180,M,1199
1200,1201,M,1200
1201,1202,M,1201
1202,1203,M,1202
1203,1204,M,1203
1204,1205,M,1204
1205,1206,M,1205
1206,1207,M,1206
1207,1208,M,1207
1208,1209,M,1208
1209,1210,M,1209
1210,1211,M,1210
1211,1212,M,1211
1212,1213,M,1212
1213,1214,M,1213
1214,1215,M,1214
1215,1216,M,1215
1216,1217,M,1216
1217,1218,M,1217
1218,1219,M,1218
1219,1200,M,1219
1220,1221,M,1220
1221,1222,M,1221
1222,1223,M,1222
1223,1224,M,1223
1224,1225,M,1224
1225,1226,M,1225
1226,1227,M,1226
1227,1228,M,1227
1228,1229,M,1228
1229,1230,M,1229
1230,1231,M,1230
1231,1232,M,1231
1232,1233,M,1232
1233,1234,M,1233
1234,1235,M,1234
1235,1236,M,1235
1236,1237,M,1236
1237,1238,M,1237
1238,1239,M,1238
1239,1220,M,1239
1240,1241,M,1240
1241,1242,M,1241
1242,1243,M,1242
1243,1244,M,1243
1244,1245,M,1244
1245,1246,M,1245
1246,1247,M,1246
1247,1248,M,1247
1248,1249,M,1248
1249,1250,M,1249
1250,1251,M,1250
1251,1252,M,1251
1252,1253,M,1252
1253,1254,M,1253
1254,1255,M,1254
1255,1256,M,1255
1256,1257,M,1256
1257,1258,M,1257
1258,1259,M,1258
1259,1240,M,1259
1260,1261,M,1260
1261,1262,M,1261
1262,1263,M,1262
1263,1264,M,1263
1264,1265,M,1264
1265,1266,M,1265
1266,1267,M,1266
1267,1268,M,1267
1268,1269,M,1268
1269,1270,M,1269
1270,1271,M,1270
1271,1272,M,1271
1272,1273,M,1272
1273,1274,M,1273
1274,1275,M,1274
1275,1276,M,1275
1276,1277,M,1276
1277,1278,M,1277
1278,1279,M,1278
1279,1260,M,1279
1280,1281,M,1280
1281,1282,M,1281
1282,1283,M,1282
1283,1284,M,1283
1284,1285,M,1284
1285,1286,M,1285
1286,1287,M,1286
1287,1288,M,1287
1288,1289,M,1288
1289,1290,M,1289
1290,1291,M,1290
1291,1292,M,1291
1292,1293,M,1292
1293,1294,M,1293
1294,1295,M,1294
1295,1296,M,1295
1296,1297,M,1296
1297,1298,M,1297
1298,1299,M,1298
1299,1280,M,1299
1300,1301,M,1300
1301,1302,M,1301
1302,1303,M,1302
1303,1304,M,1303
1304,1305,M,1304
1305,1306,M,1305
1306,1307,M,1306
1307,1308,M,1307
1308,1309,M,1308
1309,1310,M,1309
1310,1311,M,1310
1311,1312,M,1311
1312,1313,M,1312
1313,1314,M,1313
1314,1315,M,1314
1315,1316,M,1315
1316,1317,M,1316
1317,1318,M,1317
1318,1319,M,1318
1319,1300,M,1319
1320,1321,M,1320
1321,1322,M,1321
1322,1323,M,1322
1323,1324,M,1323
1324,1325,M,1324
1325,1326,M,1325
1326,1327,M,1326
1327,1328,M,1327
1328,1329,M,1328
1329,1330,M,1329
1330,1331,M,1330
1331,1332,M,1331
1332,1333,M,1332
1333,1334,M,1333
1334,1335,M,1334
1335,1336,M,1335
1336,1337,M,1336
1337,1338,M,1337
1338,1339,M,1338
1339,1320,M,1339
1340,1341,M,1340
1341,1342,M,1341
1342,1343,M,1342
1343,1344,M,1343
1344,1345,M,1344
1345,1346,M,1345
1346,1347,M,1346
1347,1348,M,1347
1348,1349,M,1348
1349,1350,M,1349
1350,1351,M,1350
1351,1352,M,1351
1352,1353,M,1352
1353,1354,M,1353
1354,1355,M,1354
1355,1356,M,1355
1356,1357,M,1356
1357,1358,M,1357
1358,1359,M,1358
1359,1340,M,1359
1360,1361,M,1360
1361,1362,M,1361
1362,1363,M,1362
1363,1364,M,1363
1364,1365,M,1364
1365,1366,M,1365
1366,1367,M,1366
1367,1368,M,1367
1368,1369,M,1368
1369,1370,M,1369
1370,1371,M,1370
1371,1372,M,1371
1372,1373,M,1372
1373,1374,M,1373
1374,1375,M,1374
1375,1376,M,1375
1376,1377,M,1376
1377,1378,M,1377
1378,1379,M,1378
1379,1360,M,1379
1380,1381,M,1380
1381,1382,M,1381
1382,1383,M,1382
1383,1384,M,1383
1384,1385,M,1384
1385,1386,M,1385
1386,1387,M,1386
1387,1388,M,1387
1388,1389,M,1388
1389,1390,M,1389
1390,1391,M,1390
1391,1392,M,1391
1392,1393,M,1392
1393,1394,M,1393
1394,1395,M,1394
1395,1396,M,1395
1396,1397,M,1396
1397,1398,M,1397
1398,1399,M,1398
1399,1380,M,1399
1400,1401,M,1400
1401,1402,M,1401
1402,1403,M,1402
1403,1404,M,1403
1404,1405,M,1404
1405,1406,M,1405
1406,1407,M,1406
1407,1408,M,1407
1408,1409,M,1408
1409,1410,M,1409
1410,1411,M,1410
1411,1412,M,1411
1412,1413,M,1412
1413,1414,M,1413
1414,1415,M,1414
1415,1416,M,1415
1416,1417,M,1416
1417,1418,M,1417
1418,1419,M,1418
1419,1400,M,1419
1420,1421,M,1420
1421,1422,M,1421
1422,1423,M,1422
1423,1424,M,1423
1424,1425,M,1424
1425,1426,M,1425
1426,1427,M,1426
1427,1428,M,1427
1428,1429,M,1428
1429,1430,M,1429
1430,1431,M,1430
1431,1432,M,1431
1432,1433,M,1432
1433,1434,M,1433
1434,1435,M,1434
1435,1436,M,1435
1436,1437,M,1436
1437,1438,M,1437
1438,1439,M,1438
1439,1420,M,1439
1440,1441,M,1440
1441,1442,M,1441
1442,1443,M,1442
1443,1444,M,1443
1444,1445,M,1444
1445,1446,M,1445
1446,1447,M,1446
1447,1448,M,1447
1448,1449,M,1448
1449,1450,M,1449
1450,1451,M,1450
1451,1452,M,1451
1452,1453,M,1452
1453,1454,M,1453
1454,1455,M,1454
1455,1456,M,1455
1456,1457,M,1456
1457,1458,M,1457
1458,1459,M,1458
1459,1440,M,1459
1460,1461,M,1460
1461,1462,M,1461
1462,1463,M,1462
1463,1464,M,1463
1464,1465,M,1464
1465,1466,M,1465
1466,1467,M,1466
1467,1468,M,1467
1468,1469,M,1468
1469,1470,M,1469
1470,1471,M,1470
1471,1472,M,1471
1472,1473,M,1472
1473,1474,M,1473
1474,1475,M,1474
1475,1476,M,1475
1476,1477,M,1476
1477,1478,M,1477
1478,1479,M,1478
1479,1460,M,1479
1480,1481,M,1480
1481,1482,M,1481
1482,1483,M,1482
1483,1484,M,1483
1484,1485,M,1484
1485,1486,M,1485
1486,1487,M,1486
1487,1488,M,1487
1488,1489,M,1488
1489,1490,M,1489
1490,1491,M,1490
1491,1492,M,1491
1492,1493,M,1492
1493,1494,M,1493
1494,1495,M,1494
1495,1496,M,1495
1496,1497,M,1496
1497,1498,M,1497
1498,1499,M,1498
1499,1480,M,1499
1500,1501,M,1500
1501,1502,M,1501
1502,1503,M,1502
1503,1504,M,1503
1504,1505,M,1504
1505,1506,M,1505
1506,1507,M,1506
1507,1508,M,1507
1508,1509,M,1508
1509,1510,M,1509
1510,1511,M,1510
1511,1512,M,1511
1512,1513,M,1512
1513,1514,M,1513
1514,1515,M,1514
1515,1516,M,1515
1516,1517,M,1516
1517,1518,M,1517
1518,1519,M,1518
1519,1500,M,1519
1520,1521,M,1520
1521,1522,M,1521
1522,1523,M,1522
1523,1524,M,1523
1524,1525,M,1524
1525,1526,M,1525
1526,1527,M,1526
1527,1528,M,1527
1528,1529,M,1528
1529,1530,M,1529
1530,1531,M,1530
1531,1532,M,1531
1532,1533,M,1532
1533,1534,M,1533
1534,1535,M,1534
1535,1536,M,1535
1536,1537,M,1536
1537,1538,M,1537
1538,1539,M,1538
1539,1520,M,1539
1540,1541,M,1540
1541,1542,M,1541
1542,1543,M,1542
1543,1544,M,1543
1544,1545,M,1544
1545,1546,M,1545
1546,1547,M,1546
1547,1548,M,1547
1548,1549,M,1548
1549,1550,M,1549
1550,1551,M,1550
1551,1552,M,1551
1552,1553,M,1552
1553,1554,M,1553
1554,1555,M,1554
1555,1556,M,1555
1556,1557,M,1556
1557,1558,M,1557
1558,1559,M,1558
1559,1540,M,1559
1560,1561,M,1560
1561,1562,M,1561
1562,1563,M,1562
1563,1564,M,1563
1564,1565,M,1564
1565,1566,M,1565
1566,1567,M,1566
1567,1568,M,1567
1568,1569,M,1568
1569,1570,M,1569
1570,1571,M,1570
1571,1572,M,1571
1572,1573,M,1572
1573,1574,M,1573
1574,1575,M,1574
1575,1576,M,1575
1576,1577,M,1576
1577,1578,M,1577
1578,1579,M,1578
1579,1560,M,1579
1580,1581,M,1580
1581,1582,M,1581
1582,1583,M,1582
1583,1584,M,1583
1584,1585,M,1584
1585,1586,M,1585
1586,1587,M,1586
1587,1588,M,1587
1588,1589,M,1588
1589,1590,M,1589
1590,1591,M,1590
1591,1592,M,1591
1592,1593,M,1592
1593,1594,M,1593
1594,1595,M,1594
1595,1596,M,1595
1596,1597,M,1596
1597,1598,M,1597
1598,1599,M,1598
1599,1580,M,1599
1600,1601,M,1600
1601,1602,M,1601
1602,1603,M,1602
1603,1604,M,1603
1604,1605,M,1604
1605,1606,M,1605
1606,1607,M,1606
1607,1608,M,1607
1608,1609,M,1608
1609,1610,M,1609
1610,1611,M,1610
1611,1612,M,1611
1612,1613,M,1612
1613,1614,M,1613
1614,1615,M,1614
1615,1616,M,1615
1616,1617,M,1616
1617,1618,M,1617
1618,1619,M,1618
1619,1600,M,1619
1620,1621,M,1620
1621,1622,M,1621
1622,1623,M,1622
1623,1624,M,1623
1624,1625,M,1624
1625,1626,M,1625
1626,1627,M,1626
1627,1628,M,1627
1628,1629,M,1628
1629,1630,M,1629
1630,1631,M,1630
1631,1632,M,1631
1632,1633,M,1632
1633,1634,M,1633
1634,1635,M,1634
1635,1636,M,1635
1636,1637,M,1636
1637,1638,M,1637
1638,1639,M,1638
1639,1620,M,1639
1640,1641,M,1640
1641,1642,M,1641
1642,1643,M,1642
1643,1644,M,1643
1644,1645,M,1644
1645,1646,M,1645
1646,1647,M,1646
1647,1648,M,1647
1648,1649,M,1648
1649,1650,M,1649
1650,1651,M,1650
1651,1652,M,1651
1652,1653,M,1652
1653,1654,M,1653
1654,1655,M,1654
1655,1656,M,1655
1656,1657,M,1656
1657,1658,M,1657
1658,1659,M,1658
1659,1640,M,1659
1660,1661,M,1660
1661,1662,M,1661
1662,1663,M,1662
1663,1664,M,1663
1664,1665,M,1664
1665,1666,M,1665
1666,1667,M,1666
1667,1668,M,1667
1668,1669,M,1668
1669,1670,M,1669
1670,1671,M,1670
1671,1672,M,1671
1672,1673,M,1672
1673,1674,M,1673
1674,1675,M,1674
1675,1676,M,1675
1676,1677,M,1676
1677,1678,M,1677
1678,1679,M,1678
1679,1660,M,1679
1680,1681,M,1680
1681,1682,M,1681
1682,1683,M,1682
1683,1684,M,1683
1684,1685,M,1684
1685,1686,M,1685
1686,1687,M,1686
1687,1688,M,1687
1688,1689,M,1688
1689,1690,M,1689
1690,1691,M,1690
1691,1692,M,1691
1692,1693,M,1692
1693,1694,M,1693
1694,1695,M,1694
1695,1696,M,1695
1696,1697,M,1696
1697,1698,M,1697
1698,1699,M,1698
1699,1680,M,1699
1700,1701,M,1700
1701,1702,M,1701
1702,1703,M,1702
1703,1704,M,1703
1704,1705,M,1704
1705,1706,M,1705
1706,1707,M,1706
1707,1708,M,1707
1708,1709,M,1708
1709,1710,M,1709
1710,1711,M,1710
1711,1712,M,1711
1712,1713,M,1712
1713,1714,M,1713
1714,1715,M,1714
1715,1716,M,1715
1716,1717,M,1716
1717,1718,M,1717
1718,1719,M,1718
1719,1700,M,1719
1720,1721,M,1720
1721,1722,M,1721
1722,1723,M,1722
1723,1724,M,1723
1724,1725,M,1724
1725,1726,M,1725
1726,1727,M,1726
1727,1728,M,1727
1728,1729,M,1728
1729,1730,M,1729
1730,1731,M,1730
1731,1732,M,1731
1732,1733,M,1732
1733,1734,M,1733
1734,1735,M,1734
1735,1736,M,1735
1736,1737,M,1736
1737,1738,M,1737
1738,1739,M,1738
1739,1720,M,1739
1740,1741,M,1740
1741,1742,M,1741
1742,1743,M,1742
1743,1744,M,1743
1744,1745,M,1744
1745,1746,M,1745
1746,1747,M,1746
1747,1748,M,1747
1748,1749,M,1748
1749,1750,M,1749
1750,1751,M,1750
1751,1752,M,1751
1752,1753,M,1752
1753,1754,M,1753
1754,1755,M,1754
1755,1756,M,1755
1756,1757,M,1756
1757,1758,M,1757
1758,1759,M,1758
1759,1740,M,1759
1760,1761,M,1760
1761,1762,M,1761
1762,1763,M,1762
1763,1764,M,1763
1764,1765,M,1764
1765,1766,M,1765
1766,1767,M,1766
1767,1768,M,1767
1768,1769,M,1768
1769,1770,M,1769
1770,1771,M,1770
1771,1772,M,1771
1772,1773,M,1772
1773,1774,M,1773
1774,1775,M,1774
1775,1776,M,1775
1776,1777,M,1776
1777,1778,M,1777
1778,1779,M,1778
1779,1760,M,1779
1780,1781,M,1780
1781,1782,M,1781
1782,1783,M,1782
1783,1784,M,1783
1784,1785,M,1784
1785,1786,M,1785
1786,1787,M,1786
1787,1788,M,1787
1788,1789,M,1788
1789,1790,M,1789
1790,1791,M,1790
1791,1792,M,1791
1792,1793,M,1792
1793,1794,M,1793
1794,1795,M,1794
1795,1796,M,1795
1796,1797,M,1796
1797,1798,M,1797
1798,1799,M,1798
1799,1780,M,1799
1800,1801,M,1800
1801,1802,M,1801
1802,1803,M,1802
1803,1804,M,1803
1804,1805,M,1804
1805,1806,M,1805
1806,1807,M,1806
1807,1808,M,1807
1808,1809,M,1808
1809,1810,M,1809
1810,1811,M,1810
1811,1812,M,1811
1812,1813,M,1812
1813,1814,M,1813
1814,1815,M,1814
1815,1816,M,1815
1816,1817,M,1816
1817,1818,M,1817
1818,1819,M,1818
1819,1800,M,1819
1820,1821,M,1820
1821,1822,M,1821
1822,1823,M,1822
1823,1824,M,1823
1824,1825,M,1824
1825,1826,M,1825
1826,1827,M,1826
1827,1828,M,1827
1828,1829,M,1828
1829,1830,M,1829
1830,1831,M,1830
1831,1832,M,1831
1832,1833,M,1832
1833,1834,M,1833
1834,1835,M,1834
1835,1836,M,1835
1836,1837,M,1836
1837,1838,M,1837
1838,1839,M,1838
1839,1820,M,1839
1840,1841,M,1840
1841,1842,M,1841
1842,1843,M,1842
1843,1844,M,1843
1844,1845,M,1844
1845,1846,M,1845
1846,1847,M,1846
1847,1848,M,1847
1848,1849,M,1848
1849,1850,M,1849
1850,1851,M,1850
1851,1852,M,1851
1852,1853,M,1852
1853,1854,M,1853
1854,1855,M,1854
1855,1856,M,1855
1856,1857,M,1856
1857,1858,M,1857
1858,1859,M,1858
1859,1840,M,1859
1860,1861,M,1860
1861,1862,M,1861
1862,1863,M,1862
1863,1864,M,1863
1864,1865,M,1864
1865,1866,M,1865
1866,1867,M,1866
1867,1868,M,1867
1868,1869,M,1868
1869,1870,M,1869
1870,1871,M,1870
1871,1872,M,1871
1872,1873,M,1872
1873,1874,M,1873
1874,1875,M,1874
1875,1876,M,1875
1876,1877,M,1876
1877,1878,M,1877
1878,1879,M,1878
1879,1860,M,1879
1880,1881,M,1880
1881,1882,M,1881
1882,1883,M,1882
1883,1884,M,1883
1884,1885,M,1884
1885,1886,M,1885
1886,1887,M,1886
1887,1888,M,1887
1888,1889,M,1888
1889,1890,M,1889
1890,1891,M,1890
1891,1892,M,1891
1892,1893,M,1892
1893,1894,M,1893
1894,1895,M,1894
1895,1896,M,1895
1896,1897,M,1896
1897,1898,M,1897
1898,1899,M,1898
1899,1880,M,1899
1900,1901,M,1900
1901,1902,M,1901
1902,1903,M,1902
1903,1904,M,1903
1904,1905,M,1904
1905,1906,M,1905
1906,1907,M,1906
1907,1908,M,1907
1908,1909,M,1908
1909,1910,M,1909
1910,1911,M,1910
1911,1912,M,1911
1912,1913,M,1912
1913,1914,M,1913
1914,1915,M,1914
1915,1916,M,1915
1916,1917,M,1916
1917,1918,M,1917
1918,1919,M,1918
1919,1900,M,1919
0,20,M,1920
1,21,M,1921
2,22,M,1922
3,23,M,1923
4,24,M,1924
5,25,M,1925
6,26,M,1926
7,27,M,1927
8,28,M,1928
9,29,M,1929
10,30,M,1930
11,31,M,1931
12,32,M,1932
13,33,M,1933
14,34,M,1934
15,35,M,1935
16,36,M,1936
17,37,M,1937
18,38,M,1938
19,39,M,1939
20,40,M,1940
21,41,M,1941
22,42,M,1942
23,43,M,1943
24,44,M,1944
25,45,M,1945
26,46,M,1946
27,47,M,1947
28,48,M,1948
29,49,M,1949
30,50,M,1950
31,51,M,1951
32,52,M,1952
33,53,M,1953
34,54,M,1954
35,55,M,1955
36,56,M,1956
37,57,M,1957
38,58,M,1958
39,59,M,1959
40,60,M,1960
41,61,M,1961
42,62,M,1962
43,63,M,1963
44,64,M,1964
45,65,M,1965
46,66,M,1966
47,67,M,1967
48,68,M,1968
49,69,M,1969
50,70,M,1970
51,71,M,1971
52,72,M,1972
53,73,M,1973
54,74,M,1974
55,75,M,1975
56,76,M,1976
57,77,M,1977
58,78,M,1978
59,79,M,1979
60,80,M,1980
61,81,M,1981
62,82,M,1982
63,83,M,1983
64,84,M,1984
65,85,M,1985
66,86,M,1986
67,87,M,1987
68,88,M,1988
69,89,M,1989
70,90,M,1990
71,91,M,1991
72,92,M,1992
73,93,M,1993
74,94,M,1994
75,95,M,1995
76,96,M,1996
77,97,M,1997
78,98,M,1998
79,99,M,1999
80,100,M,2000
81,101,M,2001
82,102,M,2002
83,103,M,2003
84,104,M,2004
85,105,M,2005
86,106,M,2006
87,107,M,2007
88,108,M,2008
89,109,M,2009
90,110,M,2010
91,111,M,2011
92,112,M,2012
93,113,M,2013
94,114,M,2014
95,115,M,2015
96,116,M,2016
97,117,M,2017
98,118,M,2018
99,119,M,2019
100,120,M,2020
101,121,M,2021
102,122,M,2022
103,123,M,2023
104,124,M,2024
105,125,M,2025
106,126,M,2026
107,127,M,2027
108,128,M,2028
109,129,M,2029
110,130,M,2030
111,131,M,2031
112,132,M,2032
113,133,M,2033
114,134,M,2034
115,135,M,2035
116,136,M,2036
117,137,M,2037
118,138,M,2038
119,139,M,2039
120,140,M,2040
121,141,M,2041
122,142,M,2042
123,143,M,2043
124,144,M,2044
125,145,M,2045
126,146,M,2046
127,147,M,2047
128,148,M,2048
129,149,M,2049
130,150,M,2050
131,151,M,2051
132,152,M,2052
133,153,M,2053
134,154,M,2054
135,155,M,2055
136,156,M,2056
137,157,M,2057
138,158,M,2058
139,159,M,2059
140,160,M,2060
141,161,M,2061
142,162,M,2062
143,163,M,2063
144,164,M,2064
145,165,M,2065
146,166,M,2066
147,167,M,2067
148,168,M,2068
149,169,M,2069
150,170,M,2070
151,171,M,2071
152,172,M,2072
153,173,M,2073
154,174,M,2074
155,175,M,2075
156,176,M,2076
157,177,M,2077
158,178,M,2078
159,179,M,2079
160,180,M,2080
161,181,M,2081
162,182,M,2082
163,183,M,2083
164,184,M,2084
165,185,M,2085
166,186,M,2086
167,187,M,2087
168,188,M,2088
169,189,M,2089
170,190,M,2090
171,191,M,2091
172,192,M,2092
173,193,M,2093
174,194,M,2094
175,195,M,2095
176,196,M,2096
177,197,M,2097
178,198,M,2098
179,199,M,2099
180,200,M,2100
181,201,M,2101
182,202,M,2102
183,203,M,2103
184,204,M,2104
185,205,M,2105
186,206,M,2106
187,207,M,2107
188,208,M,2108
189,209,M,2109
190,210,M,2110
191,211,M,2111
192,212,M,2112
193,213,M,2113
194,214,M,2114
195,215,M,2115
196,216,M,2116
197,217,M,2117
198,218,M,2118
199,219,M,2119
200,220,M,2120
201,221,M,2121
202,222,M,2122
203,223,M,2123
204,224,M,2124
205,225,M,2125
206,226,M,2126
207,227,M,2127
208,228,M,2128
209,229,M,2129
210,230,M,2130
211,231,M,2131
212,232,M,2132
213,233,M,2133
214,234,M,2134
215,235,M,2135
216,236,M,2136
217,237,M,2137
218,238,M,2138
219,239,M,2139
220,240,M,2140
221,241,M,2141
222,242,M,2142
223,243,M,2143
224,244,M,2144
225,245,M,2145
226,246,M,2146
227,247,M,2147
228,248,M,2148
229,249,M,2149
230,250,M,2150
231,251,M,2151
232,252,M,2152
233,253,M,2153
234,254,M,2154
235,255,M,2155
236,256,M,2156
237,257,M,2157
238,258,M,2158
239,259,M,2159
240,260,M,2160
241,261,M,2161
242,262,M,2162
243,263,M,2163
244,264,M,2164
245,265,M,2165
246,266,M,2166
247,267,M,2167
248,268,M,2168
249,269,M,2169
250,270,M,2170
251,271,M,2171
252,272,M,2172
253,273,M,2173
254,274,M,2174
255,275,M,2175
256,276,M,2176
257,277,M,2177
258,278,M,2178
259,279,M,2179
260,280,M,2180
261,281,M,2181
262,282,M,2182
263,283,M,2183
264,284,M,2184
265,285,M,2185
266,286,M,2186
267,287,M,2187
268,288,M,2188
269,289,M,2189
270,290,M,2190
271,291,M,2191
272,292,M,2192
273,293,M,2193
274,294,M,2194
275,295,M,2195
276,296,M,2196
277,297,M,2197
278,298,M,2198
279,299,M,2199
280,300,M,2200
281,301,M,2201
282,302,M,2202
283,303,M,2203
284,304,M,2204
285,305,M,2205
286,306,M,2206
287,307,M,2207
288,308,M,2208
289,309,M,2209
290,310,M,2210
291,311,M,2211
292,312,M,2212
293,313,M,2213
294,314,M,2214
295,315,M,2215
296,316,M,2216
297,317,M,2217
298,318,M,2218
299,319,M,2219
300,320,M,2220
301,321,M,2221
302,322,M,2222
303,323,M,2223
304,324,M,2224
305,325,M,2225
306,326,M,2226
307,327,M,2227
308,328,M,2228
309,329,M,2229
310,330,M,2230
311,331,M,2231
312,332,M,2232
313,333,M,2233
314,334,M,2234
315,335,M,2235
316,336,M,2236
317,337,M,2237
318,338,M,2238
319,339,M,2239
320,340,M,2240
321,341,M,2241
322,342,M,2242
323,343,M,2243
324,344,M,2244
325,345,M,2245
326,346,M,2246
327,347,M,2247
328,348,M,2248
329,349,M,2249
330,350,M,2250
331,351,M,2251
332,352,M,2252
333,353,M,2253
334,354,M,2254
335,355,M,2255
336,356,M,2256
337,357,M,2257
338,358,M,2258
339,359,M,2259
340,360,M,2260
341,361,M,2261
342,362,M,2262
343,363,M,2263
344,364,M,2264
345,365,M,2265
346,366,M,2266
347,367,M,2267
348,368,M,2268
349,369,M,2269
350,370,M,2270
351,371,M,2271
352,372,M,2272
353,373,M,2273
354,374,M,2274
355,375,M,2275
356,376,M,2276
357,377,M,2277
358,378,M,2278
359,379,M,2279
360,380,M,2280
361,381,M,2281
362,382,M,2282
363,383,M,2283
364,384,M,2284
365,385,M,2285
366,386,M,2286
367,387,M,2287
368,388,M,2288
369,389,M,2289
370,390,M,2290
371,391,M,2291
372,392,M,2292
373,393,M,2293
374,394,M,2294
375,395,M,2295
376,396,M,2296
377,397,M,2297
378,398,M,2298
379,399,M,2299
380,400,M,2300
381,401,M,2301
382,402,M,2302
383,403,M,2303
384,404,M,2304
385,405,M,2305
386,406,M,2306
387,407,M,2307
388,408,M,2308
389,409,M,2309
390,410,M,2310
391,411,M,2311
392,412,M,2312
393,413,M,2313
394,414,M,2314
395,415,M,2315
396,416,M,2316
397,417,M,2317
398,418,M,2318
399,419,M,2319
400,420,M,2320
401,421,M,2321
402,422,M,2322
403,423,M,2323
404,424,M,2324
405,425,M,2325
406,426,M,2326
407,427,M,2327
408,428,M,2328
409,429,M,2329
410,430,M,2330
411,431,M,2331
412,432,M,2332
413,433,M,2333
414,434,M,2334
415,435,M,2335
416,436,M,2336
417,437,M,2337
418,438,M,2338
419,439,M,2339
420,440,M,2340
421,441,M,2341
422,442,M,2342
423,443,M,2343
424,444,M,2344
425,445,M,2345
426,446,M,2346
427,447,M,2347
428,448,M,2348
429,449,M,2349
430,450,M,2350
431,451,M,2351
432,452,M,2352
433,453,M,2353
434,454,M,2354
435,455,M,2355
436,456,M,2356
437,457,M,2357
438,458,M,2358
439,459,M,2359
440,460,M,2360
441,461,M,2361
442,462,M,2362
443,463,M,2363
444,464,M,2364
445,465,M,2365
446,466,M,2366
447,467,M,2367
448,468,M,2368
449,469,M,2369
450,470,M,2370
451,471,M,2371
452,472,M,2372
453,473,M,2373
454,474,M,2374
455,475,M,2375
456,476,M,2376
457,477,M,2377
458,478,M,2378
459,479,M,2379
460,480,M,2380
461,481,M,2381
462,482,M,2382
463,483,M,2383
464,484,M,2384
465,485,M,2385
466,486,M,2386
467,487,M,2387
468,488,M,2388
469,489,M,2389
470,490,M,2390
471,491,M,2391
472,492,M,2392
473,493,M,2393
474,494,M,2394
475,495,M,2395
476,496,M,2396
477,497,M,2397
478,498,M,2398
479,499,M,2399
480,500,M,2400
481,501,M,2401
482,502,M,2402
483,503,M,2403
484,504,M,2404
485,505,M,2405
486,506,M,2406
487,507,M,2407
488,508,M,2408
489,509,M,2409
490,510,M,2410
491,511,M,2411
492,512,M,2412
493,513,M,2413
494,514,M,2414
495,515,M,2415
496,516,M,2416
497,517,M,2417
498,518,M,2418
499,519,M,2419
500,520,M,2420
501,521,M,2421
502,522,M,2422
503,523,M,2423
504,524,M,2424
505,525,M,2425
506,526,M,2426
507,527,M,2427
508,528,M,2428
509,529,M,2429
510,530,M,2430
511,531,M,2431
512,532,M,2432
513,533,M,2433
514,534,M,2434
515,535,M,2435
516,536,M,2436
517,537,M,2437
518,538,M,2438
519,539,M,2439
520,540,M,2440
521,541,M,2441
522,542,M,2442
523,543,M,2443
524,544,M,2444
525,545,M,2445
526,546,M,2446
527,547,M,2447
528,548,M,2448
529,549,M,2449
530,550,M,2450
531,551,M,2451
532,552,M,2452
533,553,M,2453
534,554,M,2454
535,555,M,2455
536,556,M,2456
537,557,M,2457
538,558,M,2458
539,559,M,2459
540,560,M,2460
541,561,M,2461
542,562,M,2462
543,563,M,2463
544,564,M,2464
545,565,M,2465
546,566,M,2466
547,567,M,2467
548,568,M,2468
549,569,M,2469
550,570,M,2470
551,571,M,2471
552,572,M,2472
553,573,M,2473
554,574,M,2474
555,575,M,2475
556,576,M,2476
557,577,M,2477
558,578,M,2478
559,579,M,2479
560,580,M,2480
561,581,M,2481
562,582,M,2482
563,583,M,2483
564,584,M,2484
565,585,M,2485
566,586,M,2486
567,587,M,2487
568,588,M,2488
569,589,M,2489
570,590,M,2490
571,591,M,2491
572,592,M,2492
573,593,M,2493
574,594,M,2494
575,595,M,2495
576,596,M,2496
577,597,M,2497
578,598,M,2498
579,599,M,2499
580,600,M,2500
581,601,M,2501
582,602,M,2502
583,603,M,2503
584,604,M,2504
585,605,M,2505
586,606,M,2506
587,607,M,2507
588,608,M,2508
589,609,M,2509
590,610,M,2510
591,611,M,2511
592,612,M,2512
593,613,M,2513
594,614,M,2514
595,615,M,2515
596,616,M,2516
597,617,M,2517
598,618,M,2518
599,619,M,2519
600,620,M,2520
601,621,M,2521
602,622,M,2522
603,623,M,2523
604,624,M,2524
605,625,M,2525
606,626,M,2526
607,627,M,2527
608,628,M,2528
609,629,M,2529
610,630,M,2530
611,631,M,2531
612,632,M,2532
613,633,M,2533
614,634,M,2534
615,635,M,2535
616,636,M,2536
617,637,M,2537
618,638,M,2538
619,639,M,2539
620,640,M,2540
621,641,M,2541
622,642,M,2542
623,643,M,2543
624,644,M,2544
625,645,M,2545
626,646,M,2546
627,647,M,2547
628,648,M,2548
629,649,M,2549
630,650,M,2550
631,651,M,2551
632,652,M,2552
633,653,M,2553
634,654,M,2554
635,655,M,2555
636,656,M,2556
637,657,M,2557
638,658,M,2558
639,659,M,2559
640,660,M,2560
641,661,M,2561
642,662,M,2562
643,663,M,2563
644,664,M,2564
645,665,M,2565
646,666,M,2566
647,667,M,2567
648,668,M,2568
649,669,M,2569
650,670,M,2570
651,671,M,2571
652,672,M,2572
653,673,M,2573
654,674,M,2574
655,675,M,2575
656,676,M,2576
657,677,M,2577
658,678,M,2578
659,679,M,2579
660,680,M,2580
661,681,M,2581
662,682,M,2582
663,683,M,2583
664,684,M,2584
665,685,M,2585
666,686,M,2586
667,687,M,2587
668,688,M,2588
669,689,M,2589
670,690,M,2590
671,691,M,2591
672,692,M,2592
673,693,M,2593
674,694,M,2594
675,695,M,2595
676,696,M,2596
677,697,M,2597
678,698,M,2598
679,699,M,2599
680,700,M,2600
681,701,M,2601
682,702,M,2602
683,703,M,2603
684,704,M,2604
685,705,M,2605
686,706,M,2606
687,707,M,2607
688,708,M,2608
689,709,M,2609
690,710,M,2610
691,711,M,2611
692,712,M,2612
693,713,M,2613
694,714,M,2614
695,715,M,2615
696,716,M,2616
697,717,M,2617
698,718,M,2618
699,719,M,2619
700,720,M,2620
701,721,M,2621
702,722,M,2622
703,723,M,2623
704,724,M,2624
705,725,M,2625
706,726,M,2626
707,727,M,2627
708,728,M,2628
709,729,M,2629
710,730,M,2630
711,731,M,2631
712,732,M,2632
713,733,M,2633
714,734,M,2634
715,735,M,2635
716,736,M,2636
717,737,M,2637
718,738,M,2638
719,739,M,2639
720,740,M,2640
721,741,M,2641
722,742,M,2642
723,743,M,2643
724,744,M,2644
725,745,M,2645
726,746,M,2646
727,747,M,2647
728,748,M,2648
729,749,M,2649
730,750,M,2650
731,751,M,2651
732,752,M,2652
733,753,M,2653
734,754,M,2654
735,755,M,2655
736,756,M,2656
737,757,M,2657
738,758,M,2658
739,759,M,2659
740,760,M,2660
741,761,M,2661
742,762,M,2662
743,763,M,2663
744,764,M,2664
745,765,M,2665
746,766,M,2666
747,767,M,2667
748,768,M,2668
749,769,M,2669
750,770,M,2670
751,771,M,2671
752,772,M,2672
753,773,M,2673
754,774,M,2674
755,775,M,2675
756,776,M,2676
757,777,M,2677
758,778,M,2678
759,779,M,2679
760,780,M,2680
761,781,M,2681
762,782,M,2682
763,783,M,2683
764,784,M,2684
765,785,M,2685
766,786,M,2686
767,787,M,2687
768,788,M,2688
769,789,M,2689
770,790,M,2690
771,791,M,2691
772,792,M,2692
773,793,M,2693
774,794,M,2694
775,795,M,2695
776,796,M,2696
777,797,M,2697
778,798,M,2698
779,799,M,2699
780,800,M,2700
781,801,M,2701
782,802,M,2702
783,803,M,2703
784,804,M,2704
785,805,M,2705
786,806,M,2706
787,807,M,2707
788,808,M,2708
789,809,M,2709
790,810,M,2710
791,811,M,2711
792,812,M,2712
793,813,M,2713
794,814,M,2714
795,815,M,2715
796,816,M,2716
797,817,M,2717
798,818,M,2718
799,819,M,2719
800,820,M,2720
801,821,M,2721
802,822,M,2722
803,823,M,2723
804,824,M,2724
805,825,M,2725
806,826,M,2726
807,827,M,2727
808,828,M,2728
809,829,M,2729
810,830,M,2730
811,831,M,2731
812,832,M,2732
813,833,M,2733
814,834,M,2734
815,835,M,2735
816,836,M,2736
817,837,M,2737
818,838,M,2738
819,839,M,2739
820,840,M,2740
821,841,M,2741
822,842,M,2742
823,843,M,2743
824,844,M,2744
825,845,M,2745
826,846,M,2746
827,847,M,2747
828,848,M,2748
829,849,M,2749
830,850,M,2750
831,851,M,2751
832,852,M,2752
833,853,M,2753
834,854,M,2754
835,855,M,2755
836,856,M,2756
837,857,M,2757
838,858,M,2758
839,859,M,2759
840,860,M,2760
841,861,M,2761
842,862,M,2762
843,863,M,2763
844,864,M,2764
845,865,M,2765
846,866,M,2766
847,867,M,2767
848,868,M,2768
849,869,M,2769
850,870,M,2770
851,871,M,2771
852,872,M,2772
853,873,M,2773
854,874,M,2774
855,875,M,2775
856,876,M,2776
857,877,M,2777
858,878,M,2778
859,879,M,2779
860,880,M,2780
861,881,M,2781
862,882,M,2782
863,883,M,2783
864,884,M,2784
865,885,M,2785
866,886,M,2786
867,887,M,2787
868,888,M,2788
869,889,M,2789
870,890,M,2790
871,891,M,2791
872,892,M,2792
873,893,M,2793
874,894,M,2794
875,895,M,2795
876,896,M,2796
877,897,M,2797
878,898,M,2798
879,899,M,2799
880,900,M,2800
881,901,M,2801
882,902,M,2802
883,903,M,2803
884,904,M,2804
885,905,M,2805
886,906,M,2806
887,907,M,2807
888,908,M,2808
889,909,M,2809
890,910,M,2810
891,911,M,2811
892,912,M,2812
893,913,M,2813
894,914,M,2814
895,915,M,2815
896,916,M,2816
897,917,M,2817
898,918,M,2818
899,919,M,2819
900,920,M,2820
901,921,M,2821
902,922,M,2822
903,923,M,2823
904,924,M,2824
905,925,M,2825
906,926,M,2826
907,927,M,2827
908,928,M,2828
909,929,M,2829
910,930,M,2830
911,931,M,2831
912,932,M,2832
913,933,M,2833
914,934,M,2834
915,935,M,2835
916,936,M,2836
917,937,M,2837
918,938,M,2838
919,939,M,2839
920,940,M,2840
921,941,M,2841
922,942,M,2842
923,943,M,2843
924,944,M,2844
925,945,M,2845
926,946,M,2846
927,947,M,2847
928,948,M,2848
929,949,M,2849
930,950,M,2850
931,951,M,2851
932,952,M,2852
933,953,M,2853
934,954,M,2854
935,955,M,2855
936,956,M,2856
937,957,M,2857
938,958,M,2858
939,959,M,2859
940,960,M,2860
941,961,M,2861
942,962,M,2862
943,963,M,2863
944,964,M,2864
945,965,M,2865
946,966,M,2866
947,967,M,2867
948,968,M,2868
949,969,M,2869
950,970,M,2870
951,971,M,2871
952,972,M,2872
953,973,M,2873
954,974,M,2874
955,975,M,2875
956,976,M,2876
957,977,M,2877
958,978,M,2878
959,979,M,2879
960,980,M,2880
961,981,M,2881
962,982,M,2882
963,983,M,2883
964,984,M,2884
965,985,M,2885
966,986,M,2886
967,987,M,2887
968,988,M,2888
969,989,M,2889
970,990,M,2890
971,991,M,2891
972,992,M,2892
973,993,M,2893
974,994,M,2894
975,995,M,2895
976,996,M,2896
977,997,M,2897
978,998,M,2898
979,999,M,2899
980,1000,M,2900
981,1001,M,2901
982,1002,M,2902
983,1003,M,2903
984,1004,M,2904
985,1005,M,2905
986,1006,M,2906
987,1007,M,2907
988,1008,M,2908
989,1009,M,2909
990,1010,M,2910
991,1011,M,2911
992,1012,M,2912
993,1013,M,2913
994,1014,M,2914
995,1015,M,2915
996,1016,M,2916
997,1017,M,2917
998,1018,M,2918
999,1019,M,2919
1000,1020,M,2920
1001,1021,M,2921
1002,1022,M,2922
1003,1023,M,2923
1004,1024,M,2924
1005,1025,M,2925
1006,1026,M,2926
1007,1027,M,2927
1008,1028,M,2928
1009,1029,M,2929
1010,1030,M,2930
1011,1031,M,2931
1012,1032,M,2932
1013,1033,M,2933
1014,1034,M,2934
1015,1035,M,2935
1016,1036,M,2936
1017,1037,M,2937
1018,1038,M,2938
1019,1039,M,2939
1020,1040,M,2940
1021,1041,M,2941
1022,1042,M,2942
1023,1043,M,2943
1024,1044,M,2944
1025,1045,M,2945
1026,1046,M,2946
1027,1047,M,2947
1028,1048,M,2948
1029,1049,M,2949
1030,1050,M,2950
1031,1051,M,2951
1032,1052,M,2952
1033,1053,M,2953
1034,1054,M,2954
1035,1055,M,2955
1036,1056,M,2956
1037,1057,M,2957
1038,1058,M,2958
1039,1059,M,2959
1040,1060,M,2960
1041,1061,M,2961
1042,1062,M,2962
1043,1063,M,2963
1044,1064,M,2964
1045,1065,M,2965
1046,1066,M,2966
1047,1067,M,2967
1048,1068,M,2968
1049,1069,M,2969
1050,1070,M,2970
1051,1071,M,2971
1052,1072,M,2972
1053,1073,M,2973
1054,1074,M,2974
1055,1075,M,2975
1056,1076,M,2976
1057,1077,M,2977
1058,1078,M,2978
1059,1079,M,2979
1060,1080,M,2980
1061,1081,M,2981
1062,1082,M,2982
1063,1083,M,2983
1064,1084,M,2984
1065,1085,M,2985
1066,1086,M,2986
1067,1087,M,2987
1068,1088,M,2988
1069,1089,M,2989
1070,1090,M,2990
1071,1091,M,2991
1072,1092,M,2992
1073,1093,M,2993
1074,1094,M,2994
1075,1095,M,2995
1076,1096,M,2996
1077,1097,M,2997
1078,1098,M,2998
1079,1099,M,2999
1080,1100,M,3000
1081,1101,M,3001
1082,1102,M,3002
1083,1103,M,3003
1084,1104,M,3004
1085,1105,M,3005
1086,1106,M,3006
1087,1107,M,3007
1088,1108,M,3008
1089,1109,M,3009
1090,1110,M,3010
1091,1111,M,3011
1092,1112,M,3012
1093,1113,M,3013
1094,1114,M,3014
1095,1115,M,3015
1096,1116,M,3016
1097,1117,M,3017
1098,1118,M,3018
1099,1119,M,3019
1100,1120,M,3020
1101,1121,M,3021
1102,1122,M,3022
1103,1123,M,3023
1104,1124,M,3024
1105,1125,M,3025
1106,1126,M,3026
1107,1127,M,3027
1108,1128,M,3028
1109,1129,M,3029
1110,1130,M,3030
1111,1131,M,3031
1112,1132,M,3032
1113,1133,M,3033
1114,1134,M,3034
1115,1135,M,3035
1116,1136,M,3036
1117,1137,M,3037
1118,1138,M,3038
1119,1139,M,3039
1120,1140,M,3040
1121,1141,M,3041
1122,1142,M,3042
1123,1143,M,3043
1124,1144,M,3044
1125,1145,M,3045
1126,1146,M,3046
1127,1147,M,3047
1128,1148,M,3048
1129,1149,M,3049
1130,1150,M,3050
1131,1151,M,3051
1132,1152,M,3052
1133,1153,M,3053
1134,1154,M,3054
1135,1155,M,3055
1136,1156,M,3056
1137,1157,M,3057
1138,1158,M,3058
1139,1159,M,3059
1140,1160,M,3060
1141,1161,M,3061
1142,1162,M,3062
1143,1163,M,3063
1144,1164,M,3064
1145,1165,M,3065
1146,1166,M,3066
1147,1167,M,3067
1148,1168,M,3068
1149,1169,M,3069
1150,1170,M,3070
1151,1171,M,3071
1152,1172,M,3072
1153,1173,M,3073
1154,1174,M,3074
1155,1175,M,3075
1156,1176,M,3076
1157,1177,M,3077
1158,1178,M,3078
1159,1179,M,3079
1160,1180,M,3080
1161,1181,M,3081
1162,1182,M,3082
1163,1183,M,3083
1164,1184,M,3084
1165,1185,M,3085
1166,1186,M,3086
1167,1187,M,3087
1168,1188,M,3088
1169,1189,M,3089
1170,1190,M,3090
1171,1191,M,3091
1172,1192,M,3092
1173,1193,M,3093
1174,1194,M,3094
1175,1195,M,3095
1176,1196,M,3096
1177,1197,M,3097
1178,1198,M,3098
1179,1199,M,3099
1180,1200,M,3100
1181,1201,M,3101
1182,1202,M,3102
1183,1203,M,3103
1184,1204,M,3104
1185,1205,M,3105
1186,1206,M,3106
1187,1207,M,3107
1188,1208,M,3108
1189,1209,M,3109
1190,1210,M,3110
1191,1211,M,3111
1192,1212,M,3112
1193,1213,M,3113
1194,1214,M,3114
1195,1215,M,3115
1196,1216,M,3116
1197,1217,M,3117
1198,1218,M,3118
1199,1219,M,3119
1200,1220,M,3120
1201,1221,M,3121
1202,1222,M,3122
1203,1223,M,3123
1204,1224,M,3124
1205,1225,M,3125
1206,1226,M,3126
1207,1227,M,3127
1208,1228,M,3128
1209,1229,M,3129
1210,1230,M,3130
1211,1231,M,3131
1212,1232,M,3132
1213,1233,M,3133
1214,1234,M,3134
1215,1235,M,3135
1216,1236,M,3136
1217,1237,M,3137
1218,1238,M,3138
1219,1239,M,3139
1220,1240,M,3140
1221,1241,M,3141
1222,1242,M,3142
1223,1243,M,3143
1224,1244,M,3144
1225,1245,M,3145
1226,1246,M,3146
1227,1247,M,3147
1228,1248,M,3148
1229,1249,M,3149
1230,1250,M,3150
1231,1251,M,3151
1232,1252,M,3152
1233,1253,M,3153
1234,1254,M,3154
1235,1255,M,3155
1236,1256,M,3156
1237,1257,M,3157
1238,1258,M,3158
1239,1259,M,3159
1240,1260,M,3160
1241,1261,M,3161
1242,1262,M,3162
1243,1263,M,3163
1244,1264,M,3164
1245,1265,M,3165
1246,1266,M,3166
1247,1267,M,3167
1248,1268,M,3168
1249,1269,M,3169
1250,1270,M,3170
1251,1271,M,3171
1252,1272,M,3172
1253,1273,M,3173
1254,1274,M,3174
1255,1275,M,3175
1256,1276,M,3176
1257,1277,M,3177
1258,1278,M,3178
1259,1279,M,3179
1260,1280,M,3180
1261,1281,M,3181
1262,1282,M,3182
1263,1283,M,3183
1264,1284,M,3184
1265,1285,M,3185
1266,1286,M,3186
1267,1287,M,3187
1268,1288,M,3188
1269,1289,M,3189
1270,1290,M,3190
1271,1291,M,3191
1272,1292,M,3192
1273,1293,M,3193
1274,1294,M,3194
1275,1295,M,3195
1276,1296,M,3196
1277,1297,M,3197
1278,1298,M,3198
1279,1299,M,3199
1280,1300,M,3200
1281,1301,M,3201
1282,1302,M,3202
1283,1303,M,3203
1284,1304,M,3204
1285,1305,M,3205
1286,1306,M,3206
1287,1307,M,3207
1288,1308,M,3208
1289,1309,M,3209
1290,1310,M,3210
1291,1311,M,3211
1292,1312,M,3212
1293,1313,M,3213
1294,1314,M,3214
1295,1315,M,3215
1296,1316,M,3216
1297,1317,M,3217
1298,1318,M,3218
1299,1319,M,3219
1300,1320,M,3220
1301,1321,M,3221
1302,1322,M,3222
1303,1323,M,3223
1304,1324,M,3224
1305,1325,M,3225
1306,1326,M,3226
1307,1327,M,3227
1308,1328,M,3228
1309,1329,M,3229
1310,1330,M,3230
1311,1331,M,3231
1312,1332,M,3232
1313,1333,M,3233
1314,1334,M,3234
1315,1335,M,3235
1316,1336,M,3236
1317,1337,M,3237
1318,1338,M,3238
1319,1339,M,3239
1320,1340,M,3240
1321,1341,M,3241
1322,1342,M,3242
1323,1343,M,3243
1324,1344,M,3244
1325,1345,M,3245
1326,1346,M,3246
1327,1347,M,3247
1328,1348,M,3248
1329,1349,M,3249
1330,1350,M,3250
1331,1351,M,3251
1332,1352,M,3252
1333,1353,M,3253
1334,1354,M,3254
1335,1355,M,3255
1336,1356,M,3256
1337,1357,M,3257
1338,1358,M,3258
1339,1359,M,3259
1340,1360,M,3260
1341,1361,M,3261
1342,1362,M,3262
1343,1363,M,3263
1344,1364,M,3264
1345,1365,M,3265
1346,1366,M,3266
1347,1367,M,3267
1348,1368,M,3268
1349,1369,M,3269
1350,1370,M,3270
1351,1371,M,3271
1352,1372,M,3272
1353,1373,M,3273
1354,1374,M,3274
1355,1375,M,3275
1356,1376,M,3276
1357,1377,M,3277
1358,1378,M,3278
1359,1379,M,3279
1360,1380,M,3280
1361,1381,M,3281
1362,1382,M,3282
1363,1383,M,3283
1364,1384,M,3284
1365,1385,M,3285
1366,1386,M,3286
1367,1387,M,3287
1368,1388,M,3288
1369,1389,M,3289
1370,1390,M,3290
1371,1391,M,3291
1372,1392,M,3292
1373,1393,M,3293
1374,1394,M,3294
1375,1395,M,3295
1376,1396,M,3296
1377,1397,M,3297
1378,1398,M,3298
1379,1399,M,3299
1380,1400,M,3300
1381,1401,M,3301
1382,1402,M,3302
1383,1403,M,3303
1384,1404,M,3304
1385,1405,M,3305
1386,1406,M,3306
1387,1407,M,3307
1388,1408,M,3308
1389,1409,M,3309
1390,1410,M,3310
1391,1411,M,3311
1392,1412,M,3312
1393,1413,M,3313
1394,1414,M,3314
1395,1415,M,3315
1396,1416,M,3316
1397,1417,M,3317
1398,1418,M,3318
1399,1419,M,3319
1400,1420,M,3320
1401,1421,M,3321
1402,1422,M,3322
1403,1423,M,3323
1404,1424,M,3324
1405,1425,M,3325
1406,1426,M,3326
1407,1427,M,3327
1408,1428,M,3328
1409,1429,M,3329
1410,1430,M,3330
1411,1431,M,3331
1412,1432,M,3332
1413,1433,M,3333
1414,1434,M,3334
1415,1435,M,3335
1416,1436,M,3336
1417,1437,M,3337
1418,1438,M,3338
1419,1439,M,3339
1420,1440,M,3340
1421,1441,M,3341
1422,1442,M,3342
1423,1443,M,3343
1424,1444,M,3344
1425,1445,M,3345
1426,1446,M,3346
1427,1447,M,3347
1428,1448,M,3348
1429,1449,M,3349
1430,1450,M,3350
1431,1451,M,3351
1432,1452,M,3352
1433,1453,M,3353
1434,1454,M,3354
1435,1455,M,3355
1436,1456,M,3356
1437,1457,M,3357
1438,1458,M,3358
1439,1459,M,3359
1440,1460,M,3360
1441,1461,M,3361
1442,1462,M,3362
1443,1463,M,3363
1444,1464,M,3364
1445,1465,M,3365
1446,1466,M,3366
1447,1467,M,3367
1448,1468,M,3368
1449,1469,M,3369
1450,1470,M,3370
1451,1471,M,3371
1452,1472,M,3372
1453,1473,M,3373
1454,1474,M,3374
1455,1475,M,3375
1456,1476,M,3376
1457,1477,M,3377
1458,1478,M,3378
1459,1479,M,3379
1460,1480,M,3380
1461,1481,M,3381
1462,1482,M,3382
1463,1483,M,3383
1464,1484,M,3384
1465,1485,M,3385
1466,1486,M,3386
1467,1487,M,3387
1468,1488,M,3388
1469,1489,M,3389
1470,1490,M,3390
1471,1491,M,3391
1472,1492,M,3392
1473,1493,M,3393
1474,1494,M,3394
1475,1495,M,3395
1476,1496,M,3396
1477,1497,M,3397
1478,1498,M,3398
1479,1499,M,3399
1480,1500,M,3400
1481,1501,M,3401
1482,1502,M,3402
1483,1503,M,3403
1484,1504,M,3404
1485,1505,M,3405
1486,1506,M,3406
1487,1507,M,3407
1488,1508,M,3408
1489,1509,M,3409
1490,1510,M,3410
1491,1511,M,3411
1492,1512,M,3412
1493,1513,M,3413
1494,1514,M,3414
1495,1515,M,3415
1496,1516,M,3416
1497,1517,M,3417
1498,1518,M,3418
1499,1519,M,3419
1500,1520,M,3420
1501,1521,M,3421
1502,1522,M,3422
1503,1523,M,3423
1504,1524,M,3424
1505,1525,M,3425
1506,1526,M,3426
1507,1527,M,3427
1508,1528,M,3428
1509,1529,M,3429
1510,1530,M,3430
1511,1531,M,3431
1512,1532,M,3432
1513,1533,M,3433
1514,1534,M,3434
1515,1535,M,3435
1516,1536,M,3436
1517,1537,M,3437
1518,1538,M,3438
1519,1539,M,3439
1520,1540,M,3440
1521,1541,M,3441
1522,1542,M,3442
1523,1543,M,3443
1524,1544,M,3444
1525,1545,M,3445
1526,1546,M,3446
1527,1547,M,3447
1528,1548,M,3448
1529,1549,M,3449
1530,1550,M,3450
1531,1551,M,3451
1532,1552,M,3452
1533,1553,M,3453
1534,1554,M,3454
1535,1555,M,3455
1536,1556,M,3456
1537,1557,M,3457
1538,1558,M,3458
1539,1559,M,3459
1540,1560,M,3460
1541,1561,M,3461
1542,1562,M,3462
1543,1563,M,3463
1544,1564,M,3464
1545,1565,M,3465
1546,1566,M,3466
1547,1567,M,3467
1548,1568,M,3468
1549,1569,M,3469
1550,1570,M,3470
1551,1571,M,3471
1552,1572,M,3472
1553,1573,M,3473
1554,1574,M,3474
1555,1575,M,3475
1556,1576,M,3476
1557,1577,M,3477
1558,1578,M,3478
1559,1579,M,3479
1560,1580,M,3480
1561,1581,M,3481
1562,1582,M,3482
1563,1583,M,3483
1564,1584,M,3484
1565,1585,M,3485
1566,1586,M,3486
1567,1587,M,3487
1568,1588,M,3488
1569,1589,M,3489
1570,1590,M,3490
1571,1591,M,3491
1572,1592,M,3492
1573,1593,M,3493
1574,1594,M,3494
1575,1595,M,3495
1576,1596,M,3496
1577,1597,M,3497
1578,1598,M,3498
1579,1599,M,3499
1580,1600,M,3500
1581,1601,M,3501
1582,1602,M,3502
1583,1603,M,3503
1584,1604,M,3504
1585,1605,M,3505
1586,1606,M,3506
1587,1607,M,3507
1588,1608,M,3508
1589,1609,M,3509
1590,1610,M,3510
1591,1611,M,3511
1592,1612,M,3512
1593,1613,M,3513
1594,1614,M,3514
1595,1615,M,3515
1596,1616,M,3516
1597,1617,M,3517
1598,1618,M,3518
1599,1619,M,3519
1600,1620,M,3520
1601,1621,M,3521
1602,1622,M,3522
1603,1623,M,3523
1604,1624,M,3524
1605,1625,M,3525
1606,1626,M,3526
1607,1627,M,3527
1608,1628,M,3528
1609,1629,M,3529
1610,1630,M,3530
1611,1631,M,3531
1612,1632,M,3532
1613,1633,M,3533
1614,1634,M,3534
1615,1635,M,3535
1616,1636,M,3536
1617,1637,M,3537
1618,1638,M,3538
1619,1639,M,3539
1620,1640,M,3540
1621,1641,M,3541
1622,1642,M,3542
1623,1643,M,3543
1624,1644,M,3544
1625,1645,M,3545
1626,1646,M,3546
1627,1647,M,3547
1628,1648,M,3548
1629,1649,M,3549
1630,1650,M,3550
1631,1651,M,3551
1632,1652,M,3552
1633,1653,M,3553
1634,1654,M,3554
1635,1655,M,3555
1636,1656,M,3556
1637,1657,M,3557
1638,1658,M,3558
1639,1659,M,3559
1640,1660,M,3560
1641,1661,M,3561
1642,1662,M,3562
1643,1663,M,3563
1644,1664,M,3564
1645,1665,M,3565
1646,1666,M,3566
1647,1667,M,3567
1648,1668,M,3568
1649,1669,M,3569
1650,1670,M,3570
1651,1671,M,3571
1652,1672,M,3572
1653,1673,M,3573
1654,1674,M,3574
1655,1675,M,3575
1656,1676,M,3576
1657,1677,M,3577
1658,1678,M,3578
1659,1679,M,3579
1660,1680,M,3580
1661,1681,M,3581
1662,1682,M,3582
1663,1683,M,3583
1664,1684,M,3584
1665,1685,M,3585
1666,1686,M,3586
1667,1687,M,3587
1668,1688,M,3588
1669,1689,M,3589
1670,1690,M,3590
1671,1691,M,3591
1672,1692,M,3592
1673,1693,M,3593
1674,1694,M,3594
1675,1695,M,3595
1676,1696,M,3596
1677,1697,M,3597
1678,1698,M,3598
1679,1699,M,3599
1680,1700,M,3600
1681,1701,M,3601
1682,1702,M,3602
1683,1703,M,3603
1684,1704,M,3604
1685,1705,M,3605
1686,1706,M,3606
1687,1707,M,3607
1688,1708,M,3608
1689,1709,M,3609
1690,1710,M,3610
1691,1711,M,3611
1692,1712,M,3612
1693,1713,M,3613
1694,1714,M,3614
1695,1715,M,3615
1696,1716,M,3616
1697,1717,M,3617
1698,1718,M,3618
1699,1719,M,3619
1700,1720,M,3620
1701,1721,M,3621
1702,1722,M,3622
1703,1723,M,3623
1704,1724,M,3624
1705,1725,M,3625
1706,1726,M,3626
1707,1727,M,3627
1708,1728,M,3628
1709,1729,M,3629
1710,1730,M,3630
1711,1731,M,3631
1712,1732,M,3632
1713,1733,M,3633
1714,1734,M,3634
1715,1735,M,3635
1716,1736,M,3636
1717,1737,M,3637
1718,1738,M,3638
1719,1739,M,3639
1720,1740,M,3640
1721,1741,M,3641
1722,1742,M,3642
1723,1743,M,3643
1724,1744,M,3644
1725,1745,M,3645
1726,1746,M,3646
1727,1747,M,3647
1728,1748,M,3648
1729,1749,M,3649
1730,1750,M,3650
1731,1751,M,3651
1732,1752,M,3652
1733,1753,M,3653
1734,1754,M,3654
1735,1755,M,3655
1736,1756,M,3656
1737,1757,M,3657
1738,1758,M,3658
1739,1759,M,3659
1740,1760,M,3660
1741,1761,M,3661
1742,1762,M,3662
1743,1763,M,3663
1744,1764,M,3664
1745,1765,M,3665
1746,1766,M,3666
1747,1767,M,3667
1748,1768,M,3668
1749,1769,M,3669
1750,1770,M,3670
1751,1771,M,3671
1752,1772,M,3672
1753,1773,M,3673
1754,1774,M,3674
1755,1775,M,3675
1756,1776,M,3676
1757,1777,M,3677
1758,1778,M,3678
1759,1779,M,3679
1760,1780,M,3680
1761,1781,M,3681
1762,1782,M,3682
1763,1783,M,3683
1764,1784,M,3684
1765,1785,M,3685
1766,1786,M,3686
1767,1787,M,3687
1768,1788,M,3688
1769,1789,M,3689
1770,1790,M,3690
1771,1791,M,3691
1772,1792,M,3692
1773,1793,M,3693
1774,1794,M,3694
1775,1795,M,3695
1776,1796,M,3696
1777,1797,M,3697
1778,1798,M,3698
1779,1799,M,3699
1780,1800,M,3700
1781,1801,M,3701
1782,1802,M,3702
1783,1803,M,3703
1784,1804,M,3704
1785,1805,M,3705
1786,1806,M,3706
1787,1807,M,3707
1788,1808,M,3708
1789,1809,M,3709
1790,1810,M,3710
1791,1811,M,3711
1792,1812,M,3712
1793,1813,M,3713
1794,1814,M,3714
1795,1815,M,3715
1796,1816,M,3716
1797,1817,M,3717
1798,1818,M,3718
1799,1819,M,3719
1800,1820,M,3720
1801,1821,M,3721
1802,1822,M,3722
1803,1823,M,3723
1804,1824,M,3724
1805,1825,M,3725
1806,1826,M,3726
1807,1827,M,3727
1808,1828,M,3728
1809,1829,M,3729
1810,1830,M,3730
1811,1831,M,3731
1812,1832,M,3732
1813,1833,M,3733
1814,1834,M,3734
1815,1835,M,3735
1816,1836,M,3736
1817,1837,M,3737
1818,1838,M,3738
1819,1839,M,3739
1820,1840,M,3740
1821,1841,M,3741
1822,1842,M,3742
1823,1843,M,3743
1824,1844,M,3744
1825,1845,M,3745
1826,1846,M,3746
1827,1847,M,3747
1828,1848,M,3748
1829,1849,M,3749
1830,1850,M,3750
1831,1851,M,3751
1832,1852,M,3752
1833,1853,M,3753
1834,1854,M,3754
1835,1855,M,3755
1836,1856,M,3756
1837,1857,M,3757
1838,1858,M,3758
1839,1859,M,3759
1840,1860,M,3760
1841,1861,M,3761
1842,1862,M,3762
1843,1863,M,3763
1844,1864,M,3764
1845,1865,M,3765
1846,1866,M,3766
1847,1867,M,3767
1848,1868,M,3768
1849,1869,M,3769
1850,1870,M,3770
1851,1871,M,3771
1852,1872,M,3772
1853,1873,M,3773
1854,1874,M,3774
1855,1875,M,3775
1856,1876,M,3776
1857,1877,M,3777
1858,1878,M,3778
1859,1879,M,3779
1860,1880,M,3780
1861,1881,M,3781
1862,1882,M,3782
1863,1883,M,3783
1864,1884,M,3784
1865,1885,M,3785
1866,1886,M,3786
1867,1887,M,3787
1868,1888,M,3788
1869,1889,M,3789
1870,1890,M,3790
1871,1891,M,3791
1872,1892,M,3792
1873,1893,M,3793
1874,1894,M,3794
1875,1895,M,3795
1876,1896,M,3796
1877,1897,M,3797
1878,1898,M,3798
1879,1899,M,3799
1880,1900,M,3800
1881,1901,M,3801
1882,1902,M,3802
1883,1903,M,3803
1884,1904,M,3804
1885,1905,M,3805
1886,1906,M,3806
1887,1907,M,3807
1888,1908,M,3808
1889,1909,M,3809
1890,1910,M,3810
1891,1911,M,3811
1892,1912,M,3812
1893,1913,M,3813
1894,1914,M,3814
1895,1915,M,3815
1896,1916,M,3816
1897,1917,M,3817
1898,1918,M,3818
1899,1919,M,3819
